Iteration1

Initial Population:
[ 0.00000000e+00  1.60602141e-13 -9.31764664e-14  7.74342691e+00
 -1.03417155e+00  1.57426018e-17  7.49341116e-17  6.44043016e-07
 -2.24111088e-14  1.42214643e-14  3.79894999e-15]
[ 0.00000000e+00  1.46141516e-13 -7.32570411e-14  9.06892478e+00
 -1.04920989e+00  1.49612758e-17  7.60144092e-17  7.65651198e-07
 -2.23953717e-14  1.05546987e-14  4.65476744e-15]
[ 0.00000000e+00  1.67230567e-13 -7.02844240e-14  7.50017855e+00
 -9.70868416e-01  1.65876916e-17  6.72186352e-17  7.47737238e-07
 -2.08599038e-14  1.16890149e-14  4.97272772e-15]
[ 0.00000000e+00  1.51479884e-13 -7.96322852e-14  8.38683871e+00
 -9.41557605e-01  1.27351051e-17  8.32228403e-17  7.82727890e-07
 -2.26304649e-14  1.45252823e-14  3.50692045e-15]
[ 0.00000000e+00  1.75542576e-13 -7.11371300e-14  7.40748938e+00
 -9.55301972e-01  1.69669121e-17  7.63683057e-17  7.61728665e-07
 -2.37257212e-14  1.34190071e-14  4.20994319e-15]
[ 0.00000000e+00  1.50574768e-13 -7.23579830e-14  8.10222174e+00
 -8.62629346e-01  1.70489345e-17  7.92866029e-17  8.59310666e-07
 -1.92402610e-14  1.37021528e-14  4.56807312e-15]
[ 0.00000000e+00  1.58750471e-13 -7.03798505e-14  8.85277077e+00
 -1.10102956e+00  1.51644468e-17  8.00080985e-17  7.33463547e-07
 -1.99116615e-14  1.35684429e-14  3.94679032e-15]
[ 0.00000000e+00  1.70531289e-13 -7.37881546e-14  7.51552764e+00
 -1.03599864e+00  1.45716573e-17  7.67971061e-17  8.14593368e-07
 -2.46970018e-14  1.49032897e-14  4.67769234e-15]
[ 0.00000000e+00  1.35199247e-13 -7.48459271e-14  7.02629573e+00
 -1.13408722e+00  1.31325475e-17  7.26115275e-17  7.50812401e-07
 -1.94307899e-14  1.32276113e-14  4.55486732e-15]
[ 0.00000000e+00  1.65775791e-13 -7.58828279e-14  8.04142182e+00
 -8.83774802e-01  1.35930025e-17  6.89370994e-17  7.84544110e-07
 -2.18433137e-14  1.32729478e-14  4.61606305e-15]
[ 0.00000000e+00  1.56096848e-13 -8.10020743e-14  8.06141768e+00
 -9.49096294e-01  1.34462802e-17  6.66670450e-17  9.52025690e-07
 -2.38316247e-14  1.03859143e-14  3.94102098e-15]
[ 0.00000000e+00  1.57709885e-13 -7.37772711e-14  6.37012182e+00
 -9.98488478e-01  1.50093294e-17  7.96465594e-17  6.07721379e-07
 -2.37633770e-14  1.46665512e-14  4.30831961e-15]
[ 0.00000000e+00  1.64100454e-13 -6.53388895e-14  8.60998541e+00
 -1.01239898e+00  1.50820847e-17  7.36195342e-17  8.31266238e-07
 -2.30155684e-14  1.42136279e-14  5.01677187e-15]
[ 0.00000000e+00  1.36426466e-13 -6.58481947e-14  7.42996666e+00
 -8.53990234e-01  2.01996417e-17  6.97909133e-17  8.25097243e-07
 -2.09362953e-14  1.19034562e-14  4.07574162e-15]
[ 0.00000000e+00  1.69804299e-13 -9.11699199e-14  7.76301599e+00
 -9.55154980e-01  1.59433778e-17  7.59712602e-17  7.93068281e-07
 -1.98199776e-14  1.12234597e-14  4.11601416e-15]
[ 0.00000000e+00  1.71777861e-13 -7.88057686e-14  7.87241225e+00
 -1.23313065e+00  1.47754519e-17  7.36655870e-17  8.60440077e-07
 -2.03683148e-14  1.25472814e-14  4.33176758e-15]
[ 0.00000000e+00  1.64054258e-13 -7.94550919e-14  6.77735210e+00
 -1.08311599e+00  1.53432099e-17  7.75303953e-17  8.10234247e-07
 -2.18632819e-14  1.35432375e-14  4.44464856e-15]
[ 0.00000000e+00  1.35540241e-13 -6.85058455e-14  7.37216952e+00
 -1.02559553e+00  1.46702307e-17  7.85108021e-17  7.55764722e-07
 -1.92808017e-14  1.50483254e-14  3.58130769e-15]
[ 0.00000000e+00  1.27395685e-13 -6.79826234e-14  9.40617587e+00
 -9.71763467e-01  1.55812721e-17  8.61254295e-17  8.29605368e-07
 -1.96285703e-14  1.20176120e-14  4.54905041e-15]
[ 0.00000000e+00  1.39023851e-13 -6.98369385e-14  9.00663352e+00
 -1.24690656e+00  1.26065823e-17  8.10514859e-17  7.93821201e-07
 -2.33915321e-14  1.28844838e-14  3.69762406e-15]

After Selection:
[ 0.00000000e+00  1.46141516e-13 -7.32570411e-14  9.06892478e+00
 -1.04920989e+00  1.49612758e-17  7.60144092e-17  7.65651198e-07
 -2.23953717e-14  1.05546987e-14  4.65476744e-15]
[ 0.00000000e+00  1.67230567e-13 -7.02844240e-14  7.50017855e+00
 -9.70868416e-01  1.65876916e-17  6.72186352e-17  7.47737238e-07
 -2.08599038e-14  1.16890149e-14  4.97272772e-15]
[ 0.00000000e+00  1.51479884e-13 -7.96322852e-14  8.38683871e+00
 -9.41557605e-01  1.27351051e-17  8.32228403e-17  7.82727890e-07
 -2.26304649e-14  1.45252823e-14  3.50692045e-15]
[ 0.00000000e+00  1.75542576e-13 -7.11371300e-14  7.40748938e+00
 -9.55301972e-01  1.69669121e-17  7.63683057e-17  7.61728665e-07
 -2.37257212e-14  1.34190071e-14  4.20994319e-15]
[ 0.00000000e+00  1.70531289e-13 -7.37881546e-14  7.51552764e+00
 -1.03599864e+00  1.45716573e-17  7.67971061e-17  8.14593368e-07
 -2.46970018e-14  1.49032897e-14  4.67769234e-15]
[ 0.00000000e+00  1.56096848e-13 -8.10020743e-14  8.06141768e+00
 -9.49096294e-01  1.34462802e-17  6.66670450e-17  9.52025690e-07
 -2.38316247e-14  1.03859143e-14  3.94102098e-15]
[ 0.00000000e+00  1.64100454e-13 -6.53388895e-14  8.60998541e+00
 -1.01239898e+00  1.50820847e-17  7.36195342e-17  8.31266238e-07
 -2.30155684e-14  1.42136279e-14  5.01677187e-15]
[ 0.00000000e+00  1.69804299e-13 -9.11699199e-14  7.76301599e+00
 -9.55154980e-01  1.59433778e-17  7.59712602e-17  7.93068281e-07
 -1.98199776e-14  1.12234597e-14  4.11601416e-15]
[ 0.00000000e+00  1.35540241e-13 -6.85058455e-14  7.37216952e+00
 -1.02559553e+00  1.46702307e-17  7.85108021e-17  7.55764722e-07
 -1.92808017e-14  1.50483254e-14  3.58130769e-15]
[ 0.00000000e+00  1.27395685e-13 -6.79826234e-14  9.40617587e+00
 -9.71763467e-01  1.55812721e-17  8.61254295e-17  8.29605368e-07
 -1.96285703e-14  1.20176120e-14  4.54905041e-15]

After Crossover:
[ 0.00000000e+00  1.46141516e-13 -7.32570411e-14  9.06892478e+00
 -1.04920989e+00  1.49612758e-17  7.60144092e-17  7.65651198e-07
 -2.23953717e-14  1.05546987e-14  4.65476744e-15]
[ 0.00000000e+00  1.52031473e-13 -6.66771825e-14  8.08690888e+00
 -1.01797558e+00  1.49080433e-17  7.56864873e-17  7.99360790e-07
 -2.14373299e-14  1.45663545e-14  4.41017308e-15]
[ 0.00000000e+00  1.58244688e-13 -7.19708231e-14  8.50644850e+00
 -9.79529584e-01  1.39931193e-17  7.80753325e-17  8.08745130e-07
 -2.28368859e-14  1.43582312e-14  4.31622215e-15]
[ 0.00000000e+00  1.68605325e-13 -7.17437353e-14  7.50657148e+00
 -9.97995295e-01  1.57480090e-17  7.12080888e-17  7.75582959e-07
 -2.24580633e-14  1.30277672e-14  4.84984485e-15]
[ 0.00000000e+00  1.73570831e-13 -7.21802041e-14  7.44999819e+00
 -9.87052942e-01  1.60244734e-17  7.65370218e-17  7.82528849e-07
 -2.41078820e-14  1.40030140e-14  4.39398410e-15]
[ 0.00000000e+00  1.69804299e-13 -9.11699199e-14  7.76301599e+00
 -9.55154980e-01  1.59433778e-17  7.59712602e-17  7.93068281e-07
 -1.98199776e-14  1.12234597e-14  4.11601416e-15]
[ 0.00000000e+00  1.66821019e-13 -6.89133520e-14  8.14697493e+00
 -1.02238282e+00  1.48661483e-17  7.49638063e-17  8.24212778e-07
 -2.37268990e-14  1.45053894e-14  4.87332424e-15]
[ 0.00000000e+00  1.62712630e-13 -7.76956962e-14  7.81121821e+00
 -9.88926516e-01  1.39620777e-17  7.13099872e-17  8.89035909e-07
 -2.42282557e-14  1.24563769e-14  4.27866184e-15]
[ 0.00000000e+00  1.58074920e-13 -7.15749625e-14  8.18123750e+00
 -1.00487976e+00  1.58815959e-17  7.10372519e-17  7.55514444e-07
 -2.15265152e-14  1.11965604e-14  4.83468774e-15]
[ 0.00000000e+00  1.44177497e-13 -7.45349587e-14  7.92199099e+00
 -9.80057677e-01  1.36216391e-17  8.10641267e-17  7.70375325e-07
 -2.10958926e-14  1.47649027e-14  3.54099928e-15]
[ 0.00000000e+00  1.58074920e-13 -7.15749625e-14  8.18123750e+00
 -1.00487976e+00  1.58815959e-17  7.10372519e-17  7.55514444e-07
 -2.15265152e-14  1.11965604e-14  4.83468774e-15]
[ 0.00000000e+00  1.39368989e-13 -7.37741773e-14  8.89941901e+00
 -9.56746818e-01  1.41663186e-17  8.46824261e-17  8.06300534e-07
 -2.11209428e-14  1.32642841e-14  4.03096225e-15]
[ 0.00000000e+00  1.27395685e-13 -6.79826234e-14  9.40617587e+00
 -9.71763467e-01  1.55812721e-17  8.61254295e-17  8.29605368e-07
 -1.96285703e-14  1.20176120e-14  4.54905041e-15]
[ 0.00000000e+00  1.69804299e-13 -9.11699199e-14  7.76301599e+00
 -9.55154980e-01  1.59433778e-17  7.59712602e-17  7.93068281e-07
 -1.98199776e-14  1.12234597e-14  4.11601416e-15]
[ 0.00000000e+00  1.61723146e-13 -8.60817693e-14  8.03812472e+00
 -9.49158474e-01  1.45285146e-17  7.91692408e-17  7.88508120e-07
 -2.10594156e-14  1.26795789e-14  3.84740100e-15]
[ 0.00000000e+00  1.65106935e-13 -7.48213558e-14  7.83221900e+00
 -9.49341239e-01  1.51316387e-17  7.93410181e-17  7.70835725e-07
 -2.32507244e-14  1.38987826e-14  3.90505241e-15]
[ 0.00000000e+00  1.56094599e-13 -8.21015939e-14  7.60663091e+00
 -9.83339579e-01  1.54339675e-17  7.69873791e-17  7.78142419e-07
 -1.96042431e-14  1.27538610e-14  3.90206796e-15]
[ 0.00000000e+00  1.66821019e-13 -6.89133520e-14  8.14697493e+00
 -1.02238282e+00  1.48661483e-17  7.49638063e-17  8.24212778e-07
 -2.37268990e-14  1.45053894e-14  4.87332424e-15]
[ 0.00000000e+00  1.48935766e-13 -7.65940210e-14  8.71190198e+00
 -9.92861695e-01  1.37960362e-17  7.97875024e-17  7.74589613e-07
 -2.25184260e-14  1.26330125e-14  4.05395243e-15]
[ 0.00000000e+00  1.63755543e-13 -8.66831035e-14  7.89469321e+00
 -9.52481433e-01  1.48414710e-17  7.18655423e-17  8.63212217e-07
 -2.15902173e-14  1.08538718e-14  4.03879404e-15]

After Mutation:
[ 0.00000000e+00  1.54028250e-13 -7.32570411e-14  8.40699579e+00
 -8.93168311e-01  1.61559371e-17  7.60144092e-17  8.11268323e-07
 -2.17892076e-14  1.03534354e-14  4.55288564e-15]
[ 0.00000000e+00  1.49048570e-13 -6.70180560e-14  7.89524604e+00
 -9.75707930e-01  1.48442720e-17  7.64438490e-17  7.71853916e-07
 -2.13739600e-14  1.46955987e-14  4.18790647e-15]
[ 0.00000000e+00  1.57335650e-13 -7.30003516e-14  7.70774080e+00
 -9.31967045e-01  1.43705338e-17  7.87670420e-17  7.71950350e-07
 -2.28091475e-14  1.49401454e-14  4.20747017e-15]
[ 0.00000000e+00  1.69156531e-13 -7.23288434e-14  8.81203846e+00
 -1.00887176e+00  1.54113399e-17  7.28076525e-17  8.08416946e-07
 -2.30988423e-14  1.29693944e-14  4.80057520e-15]
[ 0.00000000e+00  1.72503033e-13 -7.58375515e-14  7.47301883e+00
 -9.86988133e-01  1.55140960e-17  7.91572548e-17  7.93793184e-07
 -2.43148410e-14  1.48281889e-14  4.77031269e-15]
[ 0.00000000e+00  1.74748019e-13 -9.35209187e-14  7.76301599e+00
 -9.86089742e-01  1.63263059e-17  8.46750407e-17  8.55288700e-07
 -1.92169301e-14  1.08377429e-14  4.11601416e-15]
[ 0.00000000e+00  1.67810723e-13 -6.52807580e-14  7.97853812e+00
 -1.02601480e+00  1.52982600e-17  7.54528340e-17  8.72545146e-07
 -2.41047574e-14  1.41394141e-14  4.82113997e-15]
[ 0.00000000e+00  1.68113246e-13 -7.50365331e-14  7.72148428e+00
 -9.85665569e-01  1.34379229e-17  6.90011222e-17  8.77583149e-07
 -2.56087553e-14  1.28328271e-14  4.40867890e-15]
[ 0.00000000e+00  1.55297163e-13 -7.39084246e-14  8.79968641e+00
 -1.10267035e+00  1.56357026e-17  7.21957925e-17  7.57873992e-07
 -2.17287603e-14  1.02944025e-14  5.02948687e-15]
[ 0.00000000e+00  1.48959595e-13 -7.34102641e-14  7.41602471e+00
 -1.02182220e+00  1.37836967e-17  7.74016275e-17  7.68117287e-07
 -2.29131428e-14  1.53849327e-14  3.54722886e-15]
[ 0.00000000e+00  1.55297163e-13 -7.28410284e-14  8.38786584e+00
 -1.01519855e+00  1.56673715e-17  7.50009134e-17  7.57873992e-07
 -2.12604975e-14  1.10471532e-14  4.80867687e-15]
[ 0.00000000e+00  1.39506580e-13 -7.13317858e-14  8.89359558e+00
 -9.56574254e-01  1.41500586e-17  8.53083499e-17  8.06032725e-07
 -2.11380925e-14  1.32786103e-14  4.02500861e-15]
[ 0.00000000e+00  1.27395685e-13 -6.79826234e-14  8.61663389e+00
 -9.71763467e-01  1.51329546e-17  8.00485592e-17  7.61767111e-07
 -1.96285703e-14  1.20176120e-14  4.79430219e-15]
[ 0.00000000e+00  1.69804299e-13 -9.11699199e-14  8.08969232e+00
 -9.55154980e-01  1.59433778e-17  7.59712602e-17  8.09150965e-07
 -1.93047319e-14  1.04169230e-14  4.11601416e-15]
[ 0.00000000e+00  1.59561036e-13 -8.30685865e-14  8.11172999e+00
 -9.47554111e-01  1.41499683e-17  8.00248597e-17  7.82066816e-07
 -2.13910269e-14  1.33776293e-14  3.91237272e-15]
[ 0.00000000e+00  1.61915525e-13 -7.59480595e-14  7.59961069e+00
 -1.03590607e+00  1.52510920e-17  7.35944492e-17  7.82325523e-07
 -2.44177044e-14  1.39242090e-14  3.81181123e-15]
[ 0.00000000e+00  1.49249941e-13 -7.87944012e-14  7.38819002e+00
 -9.97410928e-01  1.53678330e-17  7.50477616e-17  7.67904431e-07
 -1.94965362e-14  1.48800661e-14  3.79525389e-15]
[ 0.00000000e+00  1.67810723e-13 -7.07723262e-14  7.97853812e+00
 -1.08615866e+00  1.47875936e-17  7.54528340e-17  8.21646827e-07
 -2.39856712e-14  1.48199488e-14  4.82113997e-15]
[ 0.00000000e+00  1.51676696e-13 -7.62953053e-14  8.58609682e+00
 -9.33451300e-01  1.39003447e-17  7.68262654e-17  7.73789475e-07
 -2.28231252e-14  1.21318589e-14  4.06395859e-15]
[ 0.00000000e+00  1.79384501e-13 -8.76769014e-14  7.92974046e+00
 -9.51769841e-01  1.45481870e-17  7.07727629e-17  8.81881753e-07
 -2.20613850e-14  1.01765643e-14  4.01824110e-15]




Iteration2

Initial Population:
[ 0.00000000e+00  1.54028250e-13 -7.32570411e-14  8.40699579e+00
 -8.93168311e-01  1.61559371e-17  7.60144092e-17  8.11268323e-07
 -2.17892076e-14  1.03534354e-14  4.55288564e-15]
[ 0.00000000e+00  1.49048570e-13 -6.70180560e-14  7.89524604e+00
 -9.75707930e-01  1.48442720e-17  7.64438490e-17  7.71853916e-07
 -2.13739600e-14  1.46955987e-14  4.18790647e-15]
[ 0.00000000e+00  1.57335650e-13 -7.30003516e-14  7.70774080e+00
 -9.31967045e-01  1.43705338e-17  7.87670420e-17  7.71950350e-07
 -2.28091475e-14  1.49401454e-14  4.20747017e-15]
[ 0.00000000e+00  1.69156531e-13 -7.23288434e-14  8.81203846e+00
 -1.00887176e+00  1.54113399e-17  7.28076525e-17  8.08416946e-07
 -2.30988423e-14  1.29693944e-14  4.80057520e-15]
[ 0.00000000e+00  1.72503033e-13 -7.58375515e-14  7.47301883e+00
 -9.86988133e-01  1.55140960e-17  7.91572548e-17  7.93793184e-07
 -2.43148410e-14  1.48281889e-14  4.77031269e-15]
[ 0.00000000e+00  1.74748019e-13 -9.35209187e-14  7.76301599e+00
 -9.86089742e-01  1.63263059e-17  8.46750407e-17  8.55288700e-07
 -1.92169301e-14  1.08377429e-14  4.11601416e-15]
[ 0.00000000e+00  1.67810723e-13 -6.52807580e-14  7.97853812e+00
 -1.02601480e+00  1.52982600e-17  7.54528340e-17  8.72545146e-07
 -2.41047574e-14  1.41394141e-14  4.82113997e-15]
[ 0.00000000e+00  1.68113246e-13 -7.50365331e-14  7.72148428e+00
 -9.85665569e-01  1.34379229e-17  6.90011222e-17  8.77583149e-07
 -2.56087553e-14  1.28328271e-14  4.40867890e-15]
[ 0.00000000e+00  1.55297163e-13 -7.39084246e-14  8.79968641e+00
 -1.10267035e+00  1.56357026e-17  7.21957925e-17  7.57873992e-07
 -2.17287603e-14  1.02944025e-14  5.02948687e-15]
[ 0.00000000e+00  1.48959595e-13 -7.34102641e-14  7.41602471e+00
 -1.02182220e+00  1.37836967e-17  7.74016275e-17  7.68117287e-07
 -2.29131428e-14  1.53849327e-14  3.54722886e-15]
[ 0.00000000e+00  1.55297163e-13 -7.28410284e-14  8.38786584e+00
 -1.01519855e+00  1.56673715e-17  7.50009134e-17  7.57873992e-07
 -2.12604975e-14  1.10471532e-14  4.80867687e-15]
[ 0.00000000e+00  1.39506580e-13 -7.13317858e-14  8.89359558e+00
 -9.56574254e-01  1.41500586e-17  8.53083499e-17  8.06032725e-07
 -2.11380925e-14  1.32786103e-14  4.02500861e-15]
[ 0.00000000e+00  1.27395685e-13 -6.79826234e-14  8.61663389e+00
 -9.71763467e-01  1.51329546e-17  8.00485592e-17  7.61767111e-07
 -1.96285703e-14  1.20176120e-14  4.79430219e-15]
[ 0.00000000e+00  1.69804299e-13 -9.11699199e-14  8.08969232e+00
 -9.55154980e-01  1.59433778e-17  7.59712602e-17  8.09150965e-07
 -1.93047319e-14  1.04169230e-14  4.11601416e-15]
[ 0.00000000e+00  1.59561036e-13 -8.30685865e-14  8.11172999e+00
 -9.47554111e-01  1.41499683e-17  8.00248597e-17  7.82066816e-07
 -2.13910269e-14  1.33776293e-14  3.91237272e-15]
[ 0.00000000e+00  1.61915525e-13 -7.59480595e-14  7.59961069e+00
 -1.03590607e+00  1.52510920e-17  7.35944492e-17  7.82325523e-07
 -2.44177044e-14  1.39242090e-14  3.81181123e-15]
[ 0.00000000e+00  1.49249941e-13 -7.87944012e-14  7.38819002e+00
 -9.97410928e-01  1.53678330e-17  7.50477616e-17  7.67904431e-07
 -1.94965362e-14  1.48800661e-14  3.79525389e-15]
[ 0.00000000e+00  1.67810723e-13 -7.07723262e-14  7.97853812e+00
 -1.08615866e+00  1.47875936e-17  7.54528340e-17  8.21646827e-07
 -2.39856712e-14  1.48199488e-14  4.82113997e-15]
[ 0.00000000e+00  1.51676696e-13 -7.62953053e-14  8.58609682e+00
 -9.33451300e-01  1.39003447e-17  7.68262654e-17  7.73789475e-07
 -2.28231252e-14  1.21318589e-14  4.06395859e-15]
[ 0.00000000e+00  1.79384501e-13 -8.76769014e-14  7.92974046e+00
 -9.51769841e-01  1.45481870e-17  7.07727629e-17  8.81881753e-07
 -2.20613850e-14  1.01765643e-14  4.01824110e-15]

After Selection:
[ 0.00000000e+00  1.49048570e-13 -6.70180560e-14  7.89524604e+00
 -9.75707930e-01  1.48442720e-17  7.64438490e-17  7.71853916e-07
 -2.13739600e-14  1.46955987e-14  4.18790647e-15]
[ 0.00000000e+00  1.57335650e-13 -7.30003516e-14  7.70774080e+00
 -9.31967045e-01  1.43705338e-17  7.87670420e-17  7.71950350e-07
 -2.28091475e-14  1.49401454e-14  4.20747017e-15]
[ 0.00000000e+00  1.69156531e-13 -7.23288434e-14  8.81203846e+00
 -1.00887176e+00  1.54113399e-17  7.28076525e-17  8.08416946e-07
 -2.30988423e-14  1.29693944e-14  4.80057520e-15]
[ 0.00000000e+00  1.72503033e-13 -7.58375515e-14  7.47301883e+00
 -9.86988133e-01  1.55140960e-17  7.91572548e-17  7.93793184e-07
 -2.43148410e-14  1.48281889e-14  4.77031269e-15]
[ 0.00000000e+00  1.74748019e-13 -9.35209187e-14  7.76301599e+00
 -9.86089742e-01  1.63263059e-17  8.46750407e-17  8.55288700e-07
 -1.92169301e-14  1.08377429e-14  4.11601416e-15]
[ 0.00000000e+00  1.68113246e-13 -7.50365331e-14  7.72148428e+00
 -9.85665569e-01  1.34379229e-17  6.90011222e-17  8.77583149e-07
 -2.56087553e-14  1.28328271e-14  4.40867890e-15]
[ 0.00000000e+00  1.27395685e-13 -6.79826234e-14  8.61663389e+00
 -9.71763467e-01  1.51329546e-17  8.00485592e-17  7.61767111e-07
 -1.96285703e-14  1.20176120e-14  4.79430219e-15]
[ 0.00000000e+00  1.69804299e-13 -9.11699199e-14  8.08969232e+00
 -9.55154980e-01  1.59433778e-17  7.59712602e-17  8.09150965e-07
 -1.93047319e-14  1.04169230e-14  4.11601416e-15]
[ 0.00000000e+00  1.59561036e-13 -8.30685865e-14  8.11172999e+00
 -9.47554111e-01  1.41499683e-17  8.00248597e-17  7.82066816e-07
 -2.13910269e-14  1.33776293e-14  3.91237272e-15]
[ 0.00000000e+00  1.79384501e-13 -8.76769014e-14  7.92974046e+00
 -9.51769841e-01  1.45481870e-17  7.07727629e-17  8.81881753e-07
 -2.20613850e-14  1.01765643e-14  4.01824110e-15]

After Crossover:
[ 0.00000000e+00  1.65039730e-13 -7.44414714e-14  7.58851674e+00
 -9.59914310e-01  1.49513917e-17  7.89652457e-17  7.83045141e-07
 -2.35739455e-14  1.48832785e-14  4.49335890e-15]
[ 0.00000000e+00  1.73688413e-13 -8.51745806e-14  7.62614080e+00
 -9.86513772e-01  1.59429525e-17  8.20707117e-17  8.26263551e-07
 -2.16230831e-14  1.27211857e-14  4.42483525e-15]
[ 0.00000000e+00  1.59085477e-13 -7.86972416e-14  7.98927498e+00
 -9.65769081e-01  1.53757698e-17  7.62153179e-17  7.89889756e-07
 -2.03733375e-14  1.26265473e-14  4.15314130e-15]
[ 0.00000000e+00  1.64525810e-13 -7.75117708e-14  8.47407433e+00
 -9.79280280e-01  1.48026105e-17  7.62906279e-17  7.95700551e-07
 -2.22746621e-14  1.31664058e-14  4.37193469e-15]
[ 0.00000000e+00  1.63344648e-13 -7.67537216e-14  7.91150185e+00
 -9.64426891e-01  1.47047393e-17  7.37712990e-17  8.23705518e-07
 -2.16979152e-14  1.25659633e-14  4.10795015e-15]
[ 0.00000000e+00  1.58575294e-13 -7.10249332e-14  7.80841633e+00
 -9.80683817e-01  1.41415116e-17  7.27246773e-17  8.24687397e-07
 -2.34901106e-14  1.37647615e-14  4.29822767e-15]
[ 0.00000000e+00  1.63344648e-13 -7.67537216e-14  7.91150185e+00
 -9.64426891e-01  1.47047393e-17  7.37712990e-17  8.23705518e-07
 -2.16979152e-14  1.25659633e-14  4.10795015e-15]
[ 0.00000000e+00  1.67557363e-13 -8.85720011e-14  7.92812334e+00
 -9.67844086e-01  1.52958646e-17  8.24732964e-17  8.20619971e-07
 -2.02463105e-14  1.20403155e-14  4.01959504e-15]
[ 0.00000000e+00  1.70766546e-13 -7.40168964e-14  8.16783095e+00
 -9.98343465e-01  1.54607762e-17  7.58624707e-17  8.01381398e-07
 -2.36838640e-14  1.38636676e-14  4.78601579e-15]
[ 0.00000000e+00  1.59085477e-13 -7.86972416e-14  7.98927498e+00
 -9.65769081e-01  1.53757698e-17  7.62153179e-17  7.89889756e-07
 -2.03733375e-14  1.26265473e-14  4.15314130e-15]
[ 0.00000000e+00  1.38265501e-13 -6.74984075e-14  8.25449492e+00
 -9.73743600e-01  1.49880350e-17  7.82389833e-17  7.66830719e-07
 -2.05047615e-14  1.33619698e-14  4.48988963e-15]
[ 0.00000000e+00  1.63129426e-13 -7.40949538e-14  7.71512896e+00
 -9.60834080e-01  1.38691846e-17  7.35171185e-17  8.28736001e-07
 -2.43141493e-14  1.38073018e-14  4.31563514e-15]
[ 0.00000000e+00  1.51073797e-13 -8.07528199e-14  8.18978988e+00
 -9.78927193e-01  1.57296793e-17  8.23619899e-17  8.08531747e-07
 -1.94227333e-14  1.14276290e-14  4.45513032e-15]
[ 0.00000000e+00  1.47824039e-13 -7.15216310e-14  8.16752956e+00
 -9.78738272e-01  1.42825425e-17  7.45059642e-17  8.19873022e-07
 -2.26288810e-14  1.24266125e-14  4.60083164e-15]
[ 0.00000000e+00  1.70177877e-13 -7.54132729e-14  7.60462452e+00
 -9.86287606e-01  1.44144010e-17  7.37778154e-17  8.38174550e-07
 -2.50001938e-14  1.37712976e-14  4.57876467e-15]
[ 0.00000000e+00  1.70177877e-13 -7.54132729e-14  7.60462452e+00
 -9.86287606e-01  1.44144010e-17  7.37778154e-17  8.38174550e-07
 -2.50001938e-14  1.37712976e-14  4.57876467e-15]
[ 0.00000000e+00  1.72003354e-13 -8.31184738e-14  8.27794425e+00
 -9.97272636e-01  1.58771812e-17  7.88497569e-17  8.32281004e-07
 -2.11224243e-14  1.18840957e-14  4.45204112e-15]
[ 0.00000000e+00  1.58879424e-13 -6.96145189e-14  8.34346913e+00
 -9.91921847e-01  1.51215135e-17  7.46660996e-17  7.89729712e-07
 -2.22172611e-14  1.38516513e-14  4.48744240e-15]
[ 0.00000000e+00  1.51073797e-13 -8.07528199e-14  8.18978988e+00
 -9.78927193e-01  1.57296793e-17  8.23619899e-17  8.08531747e-07
 -1.94227333e-14  1.14276290e-14  4.45513032e-15]
[ 0.00000000e+00  1.65039730e-13 -7.44414714e-14  7.58851674e+00
 -9.59914310e-01  1.49513917e-17  7.89652457e-17  7.83045141e-07
 -2.35739455e-14  1.48832785e-14  4.49335890e-15]

After Mutation:
[ 0.00000000e+00  1.64798953e-13 -7.43964318e-14  7.59224288e+00
 -9.96316539e-01  1.50462364e-17  9.12945442e-17  8.59675305e-07
 -2.45364673e-14  1.40916778e-14  4.48442396e-15]
[ 0.00000000e+00  1.73562640e-13 -8.31559993e-14  7.60989403e+00
 -9.78550695e-01  1.65016587e-17  8.17615838e-17  8.22818333e-07
 -2.19086880e-14  1.29447460e-14  4.55617212e-15]
[ 0.00000000e+00  1.56540702e-13 -7.50453541e-14  7.39784860e+00
 -1.04721708e+00  1.54118801e-17  7.61997913e-17  8.39003174e-07
 -1.91965543e-14  1.24859744e-14  4.15077933e-15]
[ 0.00000000e+00  1.80726033e-13 -7.78856591e-14  8.44969412e+00
 -9.77145596e-01  1.35485075e-17  7.65418844e-17  7.94783210e-07
 -2.22152071e-14  1.31806179e-14  4.32263120e-15]
[ 0.00000000e+00  1.65088422e-13 -7.79412357e-14  7.91348466e+00
 -9.51540081e-01  1.40616664e-17  7.20369725e-17  8.04197932e-07
 -2.17374298e-14  1.23061997e-14  4.03385959e-15]
[ 0.00000000e+00  1.52782140e-13 -7.10296558e-14  7.84797497e+00
 -9.80689682e-01  1.53931583e-17  7.27202938e-17  8.24749668e-07
 -2.30561865e-14  1.33980097e-14  4.31425151e-15]
[ 0.00000000e+00  1.65088422e-13 -7.88866361e-14  7.91348466e+00
 -9.59349907e-01  1.46877197e-17  6.88711590e-17  8.15710893e-07
 -2.17374298e-14  1.20030632e-14  4.09819743e-15]
[ 0.00000000e+00  1.66751692e-13 -8.87182923e-14  7.94662264e+00
 -9.65799767e-01  1.51804097e-17  8.64802294e-17  8.16735544e-07
 -2.01331314e-14  1.21750567e-14  3.75175921e-15]
[ 0.00000000e+00  1.70893018e-13 -7.16433018e-14  8.09116934e+00
 -9.97516433e-01  1.39135662e-17  7.91149919e-17  7.68555364e-07
 -2.37298193e-14  1.35755947e-14  5.47745408e-15]
[ 0.00000000e+00  1.59767392e-13 -7.94907342e-14  7.88602746e+00
 -1.01741061e+00  1.54118801e-17  8.04667453e-17  7.91115125e-07
 -2.00563795e-14  1.24859744e-14  4.15077933e-15]
[ 0.00000000e+00  1.42255076e-13 -6.75022718e-14  8.25738501e+00
 -1.00601053e+00  1.49891916e-17  7.71586041e-17  7.53329435e-07
 -2.15911927e-14  1.33512409e-14  4.49231903e-15]
[ 0.00000000e+00  1.54270378e-13 -7.13423699e-14  7.71409611e+00
 -9.56798535e-01  1.39392721e-17  7.42510457e-17  8.02209252e-07
 -2.46455145e-14  1.39656707e-14  4.30051393e-15]
[ 0.00000000e+00  1.29384857e-13 -8.25534844e-14  7.53436312e+00
 -9.79669455e-01  1.48028027e-17  8.91987584e-17  8.30417649e-07
 -1.94227671e-14  1.14277259e-14  4.28709354e-15]
[ 0.00000000e+00  1.56894656e-13 -6.94636064e-14  8.17058860e+00
 -9.22681561e-01  1.42883350e-17  7.30351023e-17  8.19477238e-07
 -2.26084446e-14  1.21116512e-14  4.81886004e-15]
[ 0.00000000e+00  1.80461636e-13 -7.54608117e-14  7.58987859e+00
 -9.86366097e-01  1.38290698e-17  7.43805616e-17  8.13409212e-07
 -2.58075818e-14  1.23713843e-14  4.60022692e-15]
[ 0.00000000e+00  1.76958120e-13 -7.54608117e-14  7.50254922e+00
 -9.86366097e-01  1.45376178e-17  7.43805616e-17  8.33201783e-07
 -2.49234025e-14  1.38897183e-14  5.00479660e-15]
[ 0.00000000e+00  1.71901196e-13 -8.27312883e-14  8.29711020e+00
 -9.97688870e-01  1.45490643e-17  7.96886519e-17  7.94189602e-07
 -1.98157433e-14  1.19230416e-14  4.46454825e-15]
[ 0.00000000e+00  1.59325677e-13 -6.93978975e-14  9.39418684e+00
 -9.92657848e-01  1.54067701e-17  7.45854020e-17  8.51529197e-07
 -2.24322494e-14  1.44719709e-14  4.50103927e-15]
[ 0.00000000e+00  1.50401633e-13 -8.07507221e-14  8.18986000e+00
 -1.03035101e+00  1.57295812e-17  8.23616099e-17  8.42115255e-07
 -1.94227671e-14  1.14277259e-14  4.45518603e-15]
[ 0.00000000e+00  1.64798953e-13 -7.30557508e-14  8.01862078e+00
 -1.00251248e+00  1.49332380e-17  7.89590512e-17  7.39630226e-07
 -2.35500431e-14  1.59921407e-14  4.64713477e-15]




Iteration3

Initial Population:
[ 0.00000000e+00  1.64798953e-13 -7.43964318e-14  7.59224288e+00
 -9.96316539e-01  1.50462364e-17  9.12945442e-17  8.59675305e-07
 -2.45364673e-14  1.40916778e-14  4.48442396e-15]
[ 0.00000000e+00  1.73562640e-13 -8.31559993e-14  7.60989403e+00
 -9.78550695e-01  1.65016587e-17  8.17615838e-17  8.22818333e-07
 -2.19086880e-14  1.29447460e-14  4.55617212e-15]
[ 0.00000000e+00  1.56540702e-13 -7.50453541e-14  7.39784860e+00
 -1.04721708e+00  1.54118801e-17  7.61997913e-17  8.39003174e-07
 -1.91965543e-14  1.24859744e-14  4.15077933e-15]
[ 0.00000000e+00  1.80726033e-13 -7.78856591e-14  8.44969412e+00
 -9.77145596e-01  1.35485075e-17  7.65418844e-17  7.94783210e-07
 -2.22152071e-14  1.31806179e-14  4.32263120e-15]
[ 0.00000000e+00  1.65088422e-13 -7.79412357e-14  7.91348466e+00
 -9.51540081e-01  1.40616664e-17  7.20369725e-17  8.04197932e-07
 -2.17374298e-14  1.23061997e-14  4.03385959e-15]
[ 0.00000000e+00  1.52782140e-13 -7.10296558e-14  7.84797497e+00
 -9.80689682e-01  1.53931583e-17  7.27202938e-17  8.24749668e-07
 -2.30561865e-14  1.33980097e-14  4.31425151e-15]
[ 0.00000000e+00  1.65088422e-13 -7.88866361e-14  7.91348466e+00
 -9.59349907e-01  1.46877197e-17  6.88711590e-17  8.15710893e-07
 -2.17374298e-14  1.20030632e-14  4.09819743e-15]
[ 0.00000000e+00  1.66751692e-13 -8.87182923e-14  7.94662264e+00
 -9.65799767e-01  1.51804097e-17  8.64802294e-17  8.16735544e-07
 -2.01331314e-14  1.21750567e-14  3.75175921e-15]
[ 0.00000000e+00  1.70893018e-13 -7.16433018e-14  8.09116934e+00
 -9.97516433e-01  1.39135662e-17  7.91149919e-17  7.68555364e-07
 -2.37298193e-14  1.35755947e-14  5.47745408e-15]
[ 0.00000000e+00  1.59767392e-13 -7.94907342e-14  7.88602746e+00
 -1.01741061e+00  1.54118801e-17  8.04667453e-17  7.91115125e-07
 -2.00563795e-14  1.24859744e-14  4.15077933e-15]
[ 0.00000000e+00  1.42255076e-13 -6.75022718e-14  8.25738501e+00
 -1.00601053e+00  1.49891916e-17  7.71586041e-17  7.53329435e-07
 -2.15911927e-14  1.33512409e-14  4.49231903e-15]
[ 0.00000000e+00  1.54270378e-13 -7.13423699e-14  7.71409611e+00
 -9.56798535e-01  1.39392721e-17  7.42510457e-17  8.02209252e-07
 -2.46455145e-14  1.39656707e-14  4.30051393e-15]
[ 0.00000000e+00  1.29384857e-13 -8.25534844e-14  7.53436312e+00
 -9.79669455e-01  1.48028027e-17  8.91987584e-17  8.30417649e-07
 -1.94227671e-14  1.14277259e-14  4.28709354e-15]
[ 0.00000000e+00  1.56894656e-13 -6.94636064e-14  8.17058860e+00
 -9.22681561e-01  1.42883350e-17  7.30351023e-17  8.19477238e-07
 -2.26084446e-14  1.21116512e-14  4.81886004e-15]
[ 0.00000000e+00  1.80461636e-13 -7.54608117e-14  7.58987859e+00
 -9.86366097e-01  1.38290698e-17  7.43805616e-17  8.13409212e-07
 -2.58075818e-14  1.23713843e-14  4.60022692e-15]
[ 0.00000000e+00  1.76958120e-13 -7.54608117e-14  7.50254922e+00
 -9.86366097e-01  1.45376178e-17  7.43805616e-17  8.33201783e-07
 -2.49234025e-14  1.38897183e-14  5.00479660e-15]
[ 0.00000000e+00  1.71901196e-13 -8.27312883e-14  8.29711020e+00
 -9.97688870e-01  1.45490643e-17  7.96886519e-17  7.94189602e-07
 -1.98157433e-14  1.19230416e-14  4.46454825e-15]
[ 0.00000000e+00  1.59325677e-13 -6.93978975e-14  9.39418684e+00
 -9.92657848e-01  1.54067701e-17  7.45854020e-17  8.51529197e-07
 -2.24322494e-14  1.44719709e-14  4.50103927e-15]
[ 0.00000000e+00  1.50401633e-13 -8.07507221e-14  8.18986000e+00
 -1.03035101e+00  1.57295812e-17  8.23616099e-17  8.42115255e-07
 -1.94227671e-14  1.14277259e-14  4.45518603e-15]
[ 0.00000000e+00  1.64798953e-13 -7.30557508e-14  8.01862078e+00
 -1.00251248e+00  1.49332380e-17  7.89590512e-17  7.39630226e-07
 -2.35500431e-14  1.59921407e-14  4.64713477e-15]

After Selection:
[ 0.00000000e+00  1.73562640e-13 -8.31559993e-14  7.60989403e+00
 -9.78550695e-01  1.65016587e-17  8.17615838e-17  8.22818333e-07
 -2.19086880e-14  1.29447460e-14  4.55617212e-15]
[ 0.00000000e+00  1.80726033e-13 -7.78856591e-14  8.44969412e+00
 -9.77145596e-01  1.35485075e-17  7.65418844e-17  7.94783210e-07
 -2.22152071e-14  1.31806179e-14  4.32263120e-15]
[ 0.00000000e+00  1.65088422e-13 -7.79412357e-14  7.91348466e+00
 -9.51540081e-01  1.40616664e-17  7.20369725e-17  8.04197932e-07
 -2.17374298e-14  1.23061997e-14  4.03385959e-15]
[ 0.00000000e+00  1.52782140e-13 -7.10296558e-14  7.84797497e+00
 -9.80689682e-01  1.53931583e-17  7.27202938e-17  8.24749668e-07
 -2.30561865e-14  1.33980097e-14  4.31425151e-15]
[ 0.00000000e+00  1.65088422e-13 -7.88866361e-14  7.91348466e+00
 -9.59349907e-01  1.46877197e-17  6.88711590e-17  8.15710893e-07
 -2.17374298e-14  1.20030632e-14  4.09819743e-15]
[ 0.00000000e+00  1.66751692e-13 -8.87182923e-14  7.94662264e+00
 -9.65799767e-01  1.51804097e-17  8.64802294e-17  8.16735544e-07
 -2.01331314e-14  1.21750567e-14  3.75175921e-15]
[ 0.00000000e+00  1.54270378e-13 -7.13423699e-14  7.71409611e+00
 -9.56798535e-01  1.39392721e-17  7.42510457e-17  8.02209252e-07
 -2.46455145e-14  1.39656707e-14  4.30051393e-15]
[ 0.00000000e+00  1.29384857e-13 -8.25534844e-14  7.53436312e+00
 -9.79669455e-01  1.48028027e-17  8.91987584e-17  8.30417649e-07
 -1.94227671e-14  1.14277259e-14  4.28709354e-15]
[ 0.00000000e+00  1.71901196e-13 -8.27312883e-14  8.29711020e+00
 -9.97688870e-01  1.45490643e-17  7.96886519e-17  7.94189602e-07
 -1.98157433e-14  1.19230416e-14  4.46454825e-15]
[ 0.00000000e+00  1.59325677e-13 -6.93978975e-14  9.39418684e+00
 -9.92657848e-01  1.54067701e-17  7.45854020e-17  8.51529197e-07
 -2.24322494e-14  1.44719709e-14  4.50103927e-15]

After Crossover:
[ 0.00000000e+00  1.51684571e-13 -8.28576171e-14  7.57248902e+00
 -9.79104736e-01  1.56603379e-17  8.54446799e-17  8.26581726e-07
 -2.06775907e-14  1.21934754e-14  4.42291691e-15]
[ 0.00000000e+00  1.73075347e-13 -7.83753861e-14  8.18735417e+00
 -9.68439073e-01  1.41058660e-17  7.27889895e-17  8.05022059e-07
 -2.19814550e-14  1.26045004e-14  4.21282720e-15]
[ 0.00000000e+00  1.53532512e-13 -7.11873267e-14  7.78047307e+00
 -9.68643733e-01  1.46601069e-17  7.34921010e-17  8.13384760e-07
 -2.38575278e-14  1.36842251e-14  4.30732500e-15]
[ 0.00000000e+00  1.52782140e-13 -7.10296558e-14  7.84797497e+00
 -9.80689682e-01  1.53931583e-17  7.27202938e-17  8.24749668e-07
 -2.30561865e-14  1.33980097e-14  4.31425151e-15]
[ 0.00000000e+00  1.59325677e-13 -6.93978975e-14  9.39418684e+00
 -9.92657848e-01  1.54067701e-17  7.45854020e-17  8.51529197e-07
 -2.24322494e-14  1.44719709e-14  4.50103927e-15]
[ 0.00000000e+00  1.62200145e-13 -7.36593302e-14  8.65560989e+00
 -9.72148231e-01  1.47358299e-17  7.33142407e-17  8.27920276e-07
 -2.20856721e-14  1.33916802e-14  4.26800919e-15]
[ 0.00000000e+00  1.65088422e-13 -7.79412357e-14  7.91348466e+00
 -9.51540081e-01  1.40616664e-17  7.20369725e-17  8.04197932e-07
 -2.17374298e-14  1.23061997e-14  4.03385959e-15]
[ 0.00000000e+00  1.71901196e-13 -8.27312883e-14  8.29711020e+00
 -9.97688870e-01  1.45490643e-17  7.96886519e-17  7.94189602e-07
 -1.98157433e-14  1.19230416e-14  4.46454825e-15]
[ 0.00000000e+00  1.59454009e-13 -7.45043169e-14  7.80963617e+00
 -9.54278867e-01  1.39979192e-17  7.31901388e-17  8.03162159e-07
 -2.32520614e-14  1.31705099e-14  4.17274244e-15]
[ 0.00000000e+00  1.70522511e-13 -7.38387606e-14  8.90002087e+00
 -9.84541716e-01  1.44345126e-17  7.56090488e-17  8.21839254e-07
 -2.23186911e-14  1.37963249e-14  4.40769477e-15]
[ 0.00000000e+00  1.51684571e-13 -8.28576171e-14  7.57248902e+00
 -9.79104736e-01  1.56603379e-17  8.54446799e-17  8.26581726e-07
 -2.06775907e-14  1.21934754e-14  4.42291691e-15]
[ 0.00000000e+00  1.77244445e-13 -8.04471765e-14  8.04153023e+00
 -9.77828509e-01  1.49838130e-17  7.90787891e-17  8.08408983e-07
 -2.20662311e-14  1.30659783e-14  4.43613794e-15]
[ 0.00000000e+00  1.47522180e-13 -8.06907345e-14  7.72695592e+00
 -9.69347175e-01  1.47443408e-17  7.88723881e-17  8.22946653e-07
 -2.05986100e-14  1.17199958e-14  4.19113478e-15]
[ 0.00000000e+00  1.63715845e-13 -7.71263081e-14  7.66307890e+00
 -9.67448365e-01  1.51938134e-17  7.79281958e-17  8.12299432e-07
 -2.33055677e-14  1.34658273e-14  4.42568386e-15]
[ 0.00000000e+00  1.61994714e-13 -7.66681224e-14  8.06439212e+00
 -9.88880792e-01  1.49864291e-17  7.60780180e-17  8.10024209e-07
 -2.14947693e-14  1.26872919e-14  4.38667244e-15]
[ 0.00000000e+00  1.70522511e-13 -7.38387606e-14  8.90002087e+00
 -9.84541716e-01  1.44345126e-17  7.56090488e-17  8.21839254e-07
 -2.23186911e-14  1.37963249e-14  4.40769477e-15]
[ 0.00000000e+00  1.63043531e-13 -7.70176323e-14  7.73041083e+00
 -9.79633452e-01  1.59405347e-17  7.71848740e-17  8.23795977e-07
 -2.24895528e-14  1.31741886e-14  4.43371167e-15]
[ 0.00000000e+00  1.76542258e-13 -8.01829281e-14  8.37735546e+00
 -9.86884977e-01  1.40228625e-17  7.80337384e-17  7.94501786e-07
 -2.10776430e-14  1.25844124e-14  4.38991279e-15]
[ 0.00000000e+00  1.59454009e-13 -7.45043169e-14  7.80963617e+00
 -9.54278867e-01  1.39979192e-17  7.31901388e-17  8.03162159e-07
 -2.32520614e-14  1.31705099e-14  4.17274244e-15]
[ 0.00000000e+00  1.48762864e-13 -8.57504822e-14  7.74815612e+00
 -9.72476796e-01  1.49986253e-17  8.77889609e-17  8.23322268e-07
 -1.97911538e-14  1.18152830e-14  4.00947537e-15]

After Mutation:
[ 0.00000000e+00  1.46819050e-13 -8.28518666e-14  7.62614194e+00
 -9.79115414e-01  1.56441235e-17  8.51249878e-17  8.22139454e-07
 -2.06538644e-14  1.29712289e-14  4.49620514e-15]
[ 0.00000000e+00  1.82462547e-13 -7.83969091e-14  8.38239664e+00
 -9.68056430e-01  1.41303613e-17  7.19654091e-17  8.10620245e-07
 -2.19711819e-14  1.25791807e-14  4.20800143e-15]
[ 0.00000000e+00  1.54680611e-13 -7.11846990e-14  7.78159801e+00
 -9.68844484e-01  1.46723235e-17  7.34792386e-17  8.13574160e-07
 -2.38441732e-14  1.36794553e-14  4.30744044e-15]
[ 0.00000000e+00  1.53036145e-13 -7.10296558e-14  7.84797497e+00
 -9.81753338e-01  1.57427272e-17  6.59412210e-17  8.19755119e-07
 -2.30561865e-14  1.33980097e-14  4.20135154e-15]
[ 0.00000000e+00  1.57005097e-13 -6.93978975e-14  9.39418684e+00
 -9.92657848e-01  1.50559546e-17  7.45854020e-17  8.51529197e-07
 -2.24322494e-14  1.44719709e-14  4.96020068e-15]
[ 0.00000000e+00  1.49867816e-13 -7.36798030e-14  9.23590851e+00
 -1.02861624e+00  1.41323719e-17  7.71730717e-17  8.27806853e-07
 -2.34770703e-14  1.42920462e-14  4.26688967e-15]
[ 0.00000000e+00  1.65088422e-13 -7.79412357e-14  7.90482871e+00
 -9.89590411e-01  1.46226376e-17  7.33413048e-17  7.47673685e-07
 -2.09187403e-14  1.23061997e-14  3.86668980e-15]
[ 0.00000000e+00  1.71901196e-13 -8.27312883e-14  7.85388609e+00
 -9.97688870e-01  1.56905744e-17  7.96886519e-17  7.94189602e-07
 -1.98157433e-14  1.19230416e-14  4.62246702e-15]
[ 0.00000000e+00  1.69782461e-13 -7.47792886e-14  7.47501834e+00
 -9.63563159e-01  1.40030193e-17  7.43918593e-17  8.03245026e-07
 -2.31308829e-14  1.36136167e-14  4.16163107e-15]
[ 0.00000000e+00  1.79392599e-13 -7.35643799e-14  9.36225060e+00
 -9.85261727e-01  1.48835532e-17  7.95840538e-17  8.23278179e-07
 -2.23287653e-14  1.38562639e-14  4.56478123e-15]
[ 0.00000000e+00  1.50035801e-13 -8.53904547e-14  7.53110734e+00
 -1.03187216e+00  1.48242146e-17  8.29884279e-17  8.16013990e-07
 -2.10618380e-14  1.21789966e-14  4.42034875e-15]
[ 0.00000000e+00  1.76965074e-13 -8.40083709e-14  7.58231851e+00
 -1.00341133e+00  1.39817967e-17  7.69842888e-17  8.09192561e-07
 -2.20891467e-14  1.14924842e-14  4.44266538e-15]
[ 0.00000000e+00  1.62239938e-13 -8.07493860e-14  7.72089185e+00
 -9.55282242e-01  1.47461816e-17  8.03981437e-17  8.23181889e-07
 -1.94546525e-14  1.17107933e-14  3.92508415e-15]
[ 0.00000000e+00  1.68608525e-13 -7.73720610e-14  8.08361675e+00
 -9.43721580e-01  1.58775055e-17  8.20561461e-17  8.12728153e-07
 -2.32486348e-14  1.31802489e-14  3.91894236e-15]
[ 0.00000000e+00  1.48292987e-13 -7.86941929e-14  7.41450045e+00
 -1.01530241e+00  1.49557935e-17  7.51287637e-17  8.08915061e-07
 -2.04955356e-14  1.25130513e-14  4.37502409e-15]
[ 0.00000000e+00  1.69529200e-13 -7.34447959e-14  9.01015669e+00
 -1.05133039e+00  1.50350288e-17  7.75093567e-17  8.24473153e-07
 -2.21053151e-14  1.41181285e-14  4.24248076e-15]
[ 0.00000000e+00  1.63301250e-13 -7.58453683e-14  8.12755777e+00
 -9.79606925e-01  1.59542823e-17  7.36467619e-17  8.74533396e-07
 -2.36305475e-14  1.32659342e-14  4.43671196e-15]
[ 0.00000000e+00  1.76084972e-13 -7.80264016e-14  8.52446735e+00
 -9.87949490e-01  1.34979965e-17  7.81967979e-17  8.19450847e-07
 -2.31731813e-14  1.25192472e-14  4.35346165e-15]
[ 0.00000000e+00  1.59904792e-13 -6.94169606e-14  7.81794460e+00
 -9.50531307e-01  1.45047274e-17  7.30978794e-17  8.03245026e-07
 -2.31308829e-14  1.31013605e-14  3.99535459e-15]
[ 0.00000000e+00  1.47373685e-13 -8.12548106e-14  7.38181433e+00
 -9.77252227e-01  1.42439095e-17  8.78900270e-17  7.59407688e-07
 -2.07340319e-14  1.21464485e-14  3.95831409e-15]




Iteration4

Initial Population:
[ 0.00000000e+00  1.46819050e-13 -8.28518666e-14  7.62614194e+00
 -9.79115414e-01  1.56441235e-17  8.51249878e-17  8.22139454e-07
 -2.06538644e-14  1.29712289e-14  4.49620514e-15]
[ 0.00000000e+00  1.82462547e-13 -7.83969091e-14  8.38239664e+00
 -9.68056430e-01  1.41303613e-17  7.19654091e-17  8.10620245e-07
 -2.19711819e-14  1.25791807e-14  4.20800143e-15]
[ 0.00000000e+00  1.54680611e-13 -7.11846990e-14  7.78159801e+00
 -9.68844484e-01  1.46723235e-17  7.34792386e-17  8.13574160e-07
 -2.38441732e-14  1.36794553e-14  4.30744044e-15]
[ 0.00000000e+00  1.53036145e-13 -7.10296558e-14  7.84797497e+00
 -9.81753338e-01  1.57427272e-17  6.59412210e-17  8.19755119e-07
 -2.30561865e-14  1.33980097e-14  4.20135154e-15]
[ 0.00000000e+00  1.57005097e-13 -6.93978975e-14  9.39418684e+00
 -9.92657848e-01  1.50559546e-17  7.45854020e-17  8.51529197e-07
 -2.24322494e-14  1.44719709e-14  4.96020068e-15]
[ 0.00000000e+00  1.49867816e-13 -7.36798030e-14  9.23590851e+00
 -1.02861624e+00  1.41323719e-17  7.71730717e-17  8.27806853e-07
 -2.34770703e-14  1.42920462e-14  4.26688967e-15]
[ 0.00000000e+00  1.65088422e-13 -7.79412357e-14  7.90482871e+00
 -9.89590411e-01  1.46226376e-17  7.33413048e-17  7.47673685e-07
 -2.09187403e-14  1.23061997e-14  3.86668980e-15]
[ 0.00000000e+00  1.71901196e-13 -8.27312883e-14  7.85388609e+00
 -9.97688870e-01  1.56905744e-17  7.96886519e-17  7.94189602e-07
 -1.98157433e-14  1.19230416e-14  4.62246702e-15]
[ 0.00000000e+00  1.69782461e-13 -7.47792886e-14  7.47501834e+00
 -9.63563159e-01  1.40030193e-17  7.43918593e-17  8.03245026e-07
 -2.31308829e-14  1.36136167e-14  4.16163107e-15]
[ 0.00000000e+00  1.79392599e-13 -7.35643799e-14  9.36225060e+00
 -9.85261727e-01  1.48835532e-17  7.95840538e-17  8.23278179e-07
 -2.23287653e-14  1.38562639e-14  4.56478123e-15]
[ 0.00000000e+00  1.50035801e-13 -8.53904547e-14  7.53110734e+00
 -1.03187216e+00  1.48242146e-17  8.29884279e-17  8.16013990e-07
 -2.10618380e-14  1.21789966e-14  4.42034875e-15]
[ 0.00000000e+00  1.76965074e-13 -8.40083709e-14  7.58231851e+00
 -1.00341133e+00  1.39817967e-17  7.69842888e-17  8.09192561e-07
 -2.20891467e-14  1.14924842e-14  4.44266538e-15]
[ 0.00000000e+00  1.62239938e-13 -8.07493860e-14  7.72089185e+00
 -9.55282242e-01  1.47461816e-17  8.03981437e-17  8.23181889e-07
 -1.94546525e-14  1.17107933e-14  3.92508415e-15]
[ 0.00000000e+00  1.68608525e-13 -7.73720610e-14  8.08361675e+00
 -9.43721580e-01  1.58775055e-17  8.20561461e-17  8.12728153e-07
 -2.32486348e-14  1.31802489e-14  3.91894236e-15]
[ 0.00000000e+00  1.48292987e-13 -7.86941929e-14  7.41450045e+00
 -1.01530241e+00  1.49557935e-17  7.51287637e-17  8.08915061e-07
 -2.04955356e-14  1.25130513e-14  4.37502409e-15]
[ 0.00000000e+00  1.69529200e-13 -7.34447959e-14  9.01015669e+00
 -1.05133039e+00  1.50350288e-17  7.75093567e-17  8.24473153e-07
 -2.21053151e-14  1.41181285e-14  4.24248076e-15]
[ 0.00000000e+00  1.63301250e-13 -7.58453683e-14  8.12755777e+00
 -9.79606925e-01  1.59542823e-17  7.36467619e-17  8.74533396e-07
 -2.36305475e-14  1.32659342e-14  4.43671196e-15]
[ 0.00000000e+00  1.76084972e-13 -7.80264016e-14  8.52446735e+00
 -9.87949490e-01  1.34979965e-17  7.81967979e-17  8.19450847e-07
 -2.31731813e-14  1.25192472e-14  4.35346165e-15]
[ 0.00000000e+00  1.59904792e-13 -6.94169606e-14  7.81794460e+00
 -9.50531307e-01  1.45047274e-17  7.30978794e-17  8.03245026e-07
 -2.31308829e-14  1.31013605e-14  3.99535459e-15]
[ 0.00000000e+00  1.47373685e-13 -8.12548106e-14  7.38181433e+00
 -9.77252227e-01  1.42439095e-17  8.78900270e-17  7.59407688e-07
 -2.07340319e-14  1.21464485e-14  3.95831409e-15]

After Selection:
[ 0.00000000e+00  1.46819050e-13 -8.28518666e-14  7.62614194e+00
 -9.79115414e-01  1.56441235e-17  8.51249878e-17  8.22139454e-07
 -2.06538644e-14  1.29712289e-14  4.49620514e-15]
[ 0.00000000e+00  1.82462547e-13 -7.83969091e-14  8.38239664e+00
 -9.68056430e-01  1.41303613e-17  7.19654091e-17  8.10620245e-07
 -2.19711819e-14  1.25791807e-14  4.20800143e-15]
[ 0.00000000e+00  1.54680611e-13 -7.11846990e-14  7.78159801e+00
 -9.68844484e-01  1.46723235e-17  7.34792386e-17  8.13574160e-07
 -2.38441732e-14  1.36794553e-14  4.30744044e-15]
[ 0.00000000e+00  1.53036145e-13 -7.10296558e-14  7.84797497e+00
 -9.81753338e-01  1.57427272e-17  6.59412210e-17  8.19755119e-07
 -2.30561865e-14  1.33980097e-14  4.20135154e-15]
[ 0.00000000e+00  1.57005097e-13 -6.93978975e-14  9.39418684e+00
 -9.92657848e-01  1.50559546e-17  7.45854020e-17  8.51529197e-07
 -2.24322494e-14  1.44719709e-14  4.96020068e-15]
[ 0.00000000e+00  1.69782461e-13 -7.47792886e-14  7.47501834e+00
 -9.63563159e-01  1.40030193e-17  7.43918593e-17  8.03245026e-07
 -2.31308829e-14  1.36136167e-14  4.16163107e-15]
[ 0.00000000e+00  1.62239938e-13 -8.07493860e-14  7.72089185e+00
 -9.55282242e-01  1.47461816e-17  8.03981437e-17  8.23181889e-07
 -1.94546525e-14  1.17107933e-14  3.92508415e-15]
[ 0.00000000e+00  1.63301250e-13 -7.58453683e-14  8.12755777e+00
 -9.79606925e-01  1.59542823e-17  7.36467619e-17  8.74533396e-07
 -2.36305475e-14  1.32659342e-14  4.43671196e-15]
[ 0.00000000e+00  1.76084972e-13 -7.80264016e-14  8.52446735e+00
 -9.87949490e-01  1.34979965e-17  7.81967979e-17  8.19450847e-07
 -2.31731813e-14  1.25192472e-14  4.35346165e-15]
[ 0.00000000e+00  1.59904792e-13 -6.94169606e-14  7.81794460e+00
 -9.50531307e-01  1.45047274e-17  7.30978794e-17  8.03245026e-07
 -2.31308829e-14  1.31013605e-14  3.99535459e-15]

After Crossover:
[ 0.00000000e+00  1.62239938e-13 -8.07493860e-14  7.72089185e+00
 -9.55282242e-01  1.47461816e-17  8.03981437e-17  8.23181889e-07
 -1.94546525e-14  1.17107933e-14  3.92508415e-15]
[ 0.00000000e+00  1.53281062e-13 -7.62174298e-14  7.72085810e+00
 -9.64999985e-01  1.50814659e-17  7.91857508e-17  8.12808991e-07
 -2.18770678e-14  1.30354906e-14  4.24887469e-15]
[ 0.00000000e+00  1.68429979e-13 -7.39531957e-14  8.19020493e+00
 -9.70246602e-01  1.39742901e-17  7.57844526e-17  8.11783724e-07
 -2.31531695e-14  1.27946503e-14  4.18403790e-15]
[ 0.00000000e+00  1.65029173e-13 -7.21988530e-14  7.64003979e+00
 -9.57292029e-01  1.42444490e-17  7.37691761e-17  8.03245026e-07
 -2.31308829e-14  1.33671111e-14  4.08161625e-15]
[ 0.00000000e+00  1.57150269e-13 -7.03490255e-14  7.79878035e+00
 -9.60187187e-01  1.45930948e-17  7.32989564e-17  8.08691207e-07
 -2.35069752e-14  1.34061691e-14  4.15990624e-15]
[ 0.00000000e+00  1.71297386e-13 -7.39522039e-14  8.10301610e+00
 -9.59382215e-01  1.43156571e-17  7.25259353e-17  8.06969815e-07
 -2.25451862e-14  1.28376382e-14  4.10274999e-15]
[ 0.00000000e+00  1.55774918e-13 -7.03435193e-14  8.54076295e+00
 -9.80055197e-01  1.48529270e-17  7.39999916e-17  8.31442405e-07
 -2.31794761e-14  1.40525510e-14  4.61474300e-15]
[ 0.00000000e+00  1.55774918e-13 -7.03435193e-14  8.54076295e+00
 -9.80055197e-01  1.48529270e-17  7.39999916e-17  8.31442405e-07
 -2.31794761e-14  1.40525510e-14  4.61474300e-15]
[ 0.00000000e+00  1.59690611e-13 -7.52212997e-14  8.53577345e+00
 -9.73483870e-01  1.48970386e-17  7.75673839e-17  8.36986806e-07
 -2.09047189e-14  1.30554652e-14  4.42917782e-15]
[ 0.00000000e+00  1.55441215e-13 -7.91866283e-14  7.88844251e+00
 -9.79372533e-01  1.58063737e-17  7.91205001e-17  8.49547765e-07
 -2.22110264e-14  1.31253951e-14  4.46508308e-15]
[ 0.00000000e+00  1.61702476e-13 -7.28194027e-14  7.98181736e+00
 -9.65920515e-01  1.52719511e-17  7.33883932e-17  8.40976694e-07
 -2.33953465e-14  1.31884664e-14  4.22895721e-15]
[ 0.00000000e+00  1.69782461e-13 -7.47792886e-14  7.47501834e+00
 -9.63563159e-01  1.40030193e-17  7.43918593e-17  8.03245026e-07
 -2.31308829e-14  1.36136167e-14  4.16163107e-15]
[ 0.00000000e+00  1.56396010e-13 -7.02407905e-14  7.83328533e+00
 -9.66480781e-01  1.51371477e-17  6.94419692e-17  8.11679048e-07
 -2.30927250e-14  1.32529009e-14  4.10058615e-15]
[ 0.00000000e+00  1.51829088e-13 -7.62344907e-14  8.49576024e+00
 -9.85776301e-01  1.53548308e-17  7.99410602e-17  8.36594889e-07
 -2.15285685e-14  1.37093734e-14  4.72442277e-15]
[ 0.00000000e+00  1.51829088e-13 -7.62344907e-14  8.49576024e+00
 -9.85776301e-01  1.53548308e-17  7.99410602e-17  8.36594889e-07
 -2.15285685e-14  1.37093734e-14  4.72442277e-15]
[ 0.00000000e+00  1.56396010e-13 -7.02407905e-14  7.83328533e+00
 -9.66480781e-01  1.51371477e-17  6.94419692e-17  8.11679048e-07
 -2.30927250e-14  1.32529009e-14  4.10058615e-15]
[ 0.00000000e+00  1.79134336e-13 -7.82035555e-14  8.45653788e+00
 -9.78437852e-01  1.38003544e-17  7.52173311e-17  8.15228596e-07
 -2.25984591e-14  1.25479037e-14  4.28391152e-15]
[ 0.00000000e+00  1.69662442e-13 -7.69306526e-14  8.32506037e+00
 -9.83758193e-01  1.47320321e-17  7.59108642e-17  8.47124265e-07
 -2.34029616e-14  1.28943820e-14  4.39528652e-15]
[ 0.00000000e+00  1.72229888e-13 -7.95872646e-14  8.04767459e+00
 -9.61592679e-01  1.44419669e-17  7.62323808e-17  8.16976449e-07
 -2.06978156e-14  1.21397758e-14  4.06484502e-15]
[ 0.00000000e+00  1.58337489e-13 -7.58116846e-14  7.75223098e+00
 -9.62283653e-01  1.47080529e-17  7.68263083e-17  8.18221967e-07
 -2.17207113e-14  1.27271010e-14  4.12247286e-15]

After Mutation:
[ 0.00000000e+00  1.60338985e-13 -8.67356508e-14  7.72089185e+00
 -9.55282242e-01  1.47461816e-17  8.06844470e-17  8.23181889e-07
 -1.94546525e-14  1.17107933e-14  4.17982048e-15]
[ 0.00000000e+00  1.45405179e-13 -6.95469150e-14  7.72322845e+00
 -9.64646735e-01  1.39351473e-17  8.27509620e-17  7.66040913e-07
 -2.19076795e-14  1.30370988e-14  4.24268504e-15]
[ 0.00000000e+00  1.73827375e-13 -7.34901664e-14  8.31515955e+00
 -1.00833120e+00  1.40284337e-17  7.03119975e-17  8.10912149e-07
 -2.31508947e-14  1.28259573e-14  4.16477834e-15]
[ 0.00000000e+00  1.68494427e-13 -7.19973962e-14  7.49683415e+00
 -9.56802437e-01  1.42632976e-17  7.25221042e-17  7.68313247e-07
 -2.25426964e-14  1.33478662e-14  4.23247306e-15]
[ 0.00000000e+00  1.54681189e-13 -6.93640984e-14  8.19649143e+00
 -9.57987356e-01  1.40252825e-17  7.32781616e-17  7.69180117e-07
 -2.34680809e-14  1.33746467e-14  4.14288879e-15]
[ 0.00000000e+00  1.75391422e-13 -6.82614346e-14  8.15865622e+00
 -9.59056704e-01  1.35914470e-17  7.25373532e-17  8.07664556e-07
 -2.25568786e-14  1.28429030e-14  4.10060603e-15]
[ 0.00000000e+00  1.55910789e-13 -6.18492058e-14  9.17490130e+00
 -9.60036984e-01  1.46637449e-17  7.40646490e-17  7.89801510e-07
 -2.30969464e-14  1.40988751e-14  4.79368890e-15]
[ 0.00000000e+00  1.55910789e-13 -7.02390772e-14  8.93345017e+00
 -9.44417622e-01  1.45506879e-17  7.40646490e-17  8.33660951e-07
 -2.35390210e-14  1.41497572e-14  4.65289811e-15]
[ 0.00000000e+00  1.59554424e-13 -7.49259838e-14  9.20145912e+00
 -1.01940610e+00  1.46555134e-17  7.69251152e-17  8.37724279e-07
 -2.15960522e-14  1.23960562e-14  4.40598120e-15]
[ 0.00000000e+00  1.56095946e-13 -8.22573622e-14  7.86525720e+00
 -9.79349806e-01  1.57920321e-17  7.96512496e-17  9.14505323e-07
 -2.01269491e-14  1.36585150e-14  4.46783403e-15]
[ 0.00000000e+00  1.61503565e-13 -6.71115738e-14  7.96368502e+00
 -1.03279757e+00  1.44038146e-17  7.33562481e-17  8.49195456e-07
 -2.33660839e-14  1.36004977e-14  4.20310934e-15]
[ 0.00000000e+00  1.83238861e-13 -7.49264833e-14  7.47501834e+00
 -9.53406456e-01  1.41614858e-17  7.43918593e-17  7.66278684e-07
 -2.21368757e-14  1.36136167e-14  4.08899180e-15]
[ 0.00000000e+00  1.56544927e-13 -7.02058260e-14  7.60421716e+00
 -9.65803863e-01  1.52477803e-17  7.02516183e-17  8.11321097e-07
 -2.30943444e-14  1.32464693e-14  4.09611998e-15]
[ 0.00000000e+00  1.51995058e-13 -7.60152734e-14  8.52456854e+00
 -9.77400161e-01  1.75033547e-17  8.11886435e-17  8.37073762e-07
 -2.15575453e-14  1.39319310e-14  4.96971841e-15]
[ 0.00000000e+00  1.44242782e-13 -7.69236934e-14  8.52456854e+00
 -9.17553658e-01  1.53452473e-17  7.97693295e-17  8.46802036e-07
 -2.15303807e-14  1.53456522e-14  4.95256489e-15]
[ 0.00000000e+00  1.58604898e-13 -7.02058260e-14  7.17562470e+00
 -9.34940531e-01  1.51103069e-17  6.95971313e-17  8.11321097e-07
 -2.33118381e-14  1.23727361e-14  4.09611998e-15]
[ 0.00000000e+00  1.79413183e-13 -7.97194606e-14  8.45032612e+00
 -9.77568068e-01  1.38280033e-17  7.42574666e-17  8.25578257e-07
 -2.25459040e-14  1.25505242e-14  4.27755156e-15]
[ 0.00000000e+00  1.69723779e-13 -8.00343212e-14  8.32696476e+00
 -1.03144648e+00  1.47202467e-17  7.80346912e-17  8.46859977e-07
 -2.34007672e-14  1.28907994e-14  4.33168322e-15]
[ 0.00000000e+00  1.64746421e-13 -7.95590304e-14  8.05561391e+00
 -9.45109167e-01  1.43055400e-17  7.40342042e-17  7.77545621e-07
 -2.07280188e-14  1.21501981e-14  4.10952085e-15]
[ 0.00000000e+00  1.54314282e-13 -7.66806201e-14  7.96085316e+00
 -9.61843073e-01  1.39487363e-17  7.70510740e-17  8.18534081e-07
 -2.04971781e-14  1.23603867e-14  4.11005173e-15]


